# SEED=42  TEST_SIZE=0.2  n=289
2732764
3599762
2460569
2798401
2260192
3055103
1569394
3913467
1770426
1660972
4148547
3490909
4003135
4360690
2407719
2991494
3701508
3831904
2643465
1872301
2446688
2845703
2808354
430439
1548549
4268418
2319234
2037893
4042948
3992660
3984478
3953617
2611289
3786642
4092124
2660553
2132544
2971325
2645306
3495989
3738976
3893499
2299452
3568114
2322522
3111168
2834678
2818113
1630148
2807178
3451726
3373751
3250947
3420411
3346696
3450398
2561029
2666806
3460683
3904690
1700650
2786438
4351583
3458913
4230497
2822344
3619505
1871397
3844103
2699640
2338738
1835038
2461056
1752079
2731394
2994844
3825074
3209655
3606498
3260249
3032932
3470745
3948975
1619734
3507514
1805315
1982746
2568481
2021844
3350673
3013422
3993063
2489701
2974131
2833766
2035643
2859198
4077538
1653686
2171480
1715710
3121180
3419566
3191004
3707097
3029402
3537711
2665055
2032850
2266478
529714
2232190
3796702
3134500
3000814
1902991
2271241
1785575
3392202
3541996
2469409
4181142
2821578
3491785
2654966
3413774
3554093
2014971
1666557
4261528
3518891
2704033
3073004
3760153
1804093
2142617
4090598
3094228
1914804
1651525
2058636
4307337
4257103
2824748
3006553
2798090
1926866
3867936
3476714
2345209
3550613
2231556
2764714
193616
3865585
3142923
2051318
1658354
3889037
2220266
3653004
2423275
4090885
2799827
1302878
2391315
2110501
3808306
3984474
2923722
4371520
1716962
2025858
3690126
535577
1987656
3837311
3662431
2094015
2078149
1600267
2611903
4045394
2295106
3399532
1861697
3214639
4150184
298673
3403339
3031087
4346242
1801722
3655861
3485346
2617732
2234868
1681092
3017739
3514024
3164185
2204770
3542821
2265137
2076724
1703349
2982512
2759394
2333115
3947084
3479810
3796267
1551148
1949718
4255988
2119495
1706615
2273364
3660507
3670606
4172609
1830326
4268623
3958656
3526553
2086648
3374337
3657839
2863840
2361738
3499881
4255403
3889894
3616200
2164754
2062411
3386232
3423239
4142955
596011
3537547
3828134
4328071
1097614
3759105
3306398
3705345
2195333
3452578
2044554
2344488
2341349
2004774
3127419
1595693
3266480
4084754
3371643
2969715
4036195
1580695
3677756
1884257
3713094
4108941
4159897
3748553
2246604
1881129
2657909
3393397
3765478
3954819
3489406
1571260
4186855
2769240
3382087
1619148
3353313
4154791
2848202
3401849
2071338
1704364
1729165
2513283
1420473
3283791
